0.14	0.00
0.15	1000.00
0.15	1000.00
0.16	1000.00
0.17	1000.00
0.18	1000.00
0.19	1000.00
0.19	1000.00
0.20	1000.00
0.21	1000.00
0.22	1000.00
0.23	1000.00
0.23	1000.00
0.24	1000.00
0.25	1000.00
0.26	1000.00
0.27	1000.00
0.27	1000.00
0.28	1000.00
0.29	1000.00
0.30	1000.00
0.31	1000.00
0.31	1000.00
0.32	1000.00
0.33	1000.00
0.34	1000.00
0.35	1000.00
0.35	1000.00
0.36	1000.00
0.37	1000.00
0.38	1000.00
0.39	1000.00
0.39	1000.00
0.40	1000.00
0.41	1000.00
0.42	1000.00
0.43	1000.00
0.43	1000.00
0.44	1000.00
0.45	1000.00
0.46	1000.00
0.47	1000.00
0.47	1000.00
0.48	1000.00
0.49	1000.00
0.50	1000.00
0.51	1000.00
0.51	1000.00
0.52	1000.00
0.53	1000.00
0.54	1000.00
0.55	1000.00
0.55	1000.00
0.56	1000.00
0.57	1000.00
0.58	1000.00
0.59	1000.00
0.59	1000.00
0.60	1000.00
0.61	1000.00
0.62	1000.00
0.63	1000.00
0.63	1000.00
0.64	1000.00
0.65	1000.00
0.66	1000.00
0.67	1000.00
0.67	1000.00
0.68	1000.00
0.69	1000.00
0.70	1000.00
0.71	1000.00
0.71	1000.00
0.72	1000.00
0.73	1000.00
0.74	1000.00
0.75	1000.00
0.75	1000.00
0.76	1000.00
0.77	1000.00
0.78	1000.00
0.79	1000.00
0.79	1000.00
0.80	1000.00
0.81	1000.00
0.82	1000.00
0.83	1000.00
0.83	1000.00
0.84	1000.00
0.85	1000.00
0.86	1000.00
0.87	1000.00
0.87	1000.00
0.88	1000.00
0.89	1000.00
0.90	1000.00
0.91	1000.00
0.91	1000.00
0.92	1000.00
0.93	1000.00
0.94	1000.00
0.95	1000.00
0.95	1000.00
0.96	1000.00
0.97	1000.00
0.98	1000.00
0.99	1000.00
0.99	1000.00
1.00	1000.00
1.01	1000.00
1.02	1000.00
1.03	1000.00
1.03	1000.00
1.03	1008.72
1.04	1000.35
1.05	1000.35
1.06	1000.35
1.07	1001.93
1.07	1000.69
1.07	1000.68
1.08	1000.68
1.09	1000.67
1.10	1000.67
1.10	1003.16
1.11	1006.87
1.11	1010.02
1.12	1013.66
1.12	1016.94
1.13	1017.42
1.13	1021.43
1.14	1017.60
1.14	1019.95
1.15	1017.78
1.15	1017.64
1.16	1017.50
1.17	1017.36
1.18	1020.28
1.18	1023.47
1.19	1026.82
1.19	1029.65
1.19	1032.94
1.20	1035.71
1.20	1038.95
1.21	1044.94
1.21	1042.15
1.21	1047.93
1.21	1045.33
1.22	1048.00
1.22	1053.71
1.23	1047.94
1.23	1052.07
1.23	1047.88
1.24	1047.54
1.25	1050.13
1.25	1052.98
1.26	1055.99
1.26	1058.51
1.27	1061.29
1.27	1064.23
1.28	1066.68
1.28	1072.71
1.28	1069.68
1.28	1075.68
1.29	1072.82
1.29	1075.20
1.29	1081.15
1.30	1078.12
1.30	1084.04
1.30	1081.19
1.31	1083.69
1.31	1089.10
1.31	1086.44
1.31	1091.65
1.31	1089.16
1.32	1091.60
1.32	1096.59
1.32	1094.28
1.33	1099.07
1.33	1096.77
1.33	1099.24
1.34	1101.87
1.34	1104.03
1.35	1106.44
1.35	1109.01
1.36	1111.11
1.36	1116.69
1.36	1113.73
1.36	1119.28
1.37	1116.50
1.37	1118.55
1.37	1124.06
1.38	1121.11
1.38	1126.59
1.38	1123.81
1.39	1125.81
1.39	1131.25
1.39	1128.31
1.39	1133.72
1.40	1130.96
1.40	1132.91
1.40	1138.27
1.41	1135.35
1.41	1140.69
1.41	1137.94
1.42	1139.85
1.42	1145.14
1.42	1142.40
1.42	1147.26
1.43	1144.69
1.43	1146.71
1.43	1151.36
1.44	1148.80
1.44	1153.67
1.44	1151.12
1.44	1153.34
1.45	1157.93
1.45	1155.39
1.45	1157.41
1.46	1159.59
1.46	1161.34
1.47	1166.42
1.47	1163.73
1.47	1168.38
1.47	1165.69
1.48	1167.65
1.48	1172.66
1.48	1169.82
1.48	1174.82
1.49	1171.98
1.49	1174.05
1.49	1178.77
1.50	1175.95
1.50	1177.83
1.50	1182.91
1.51	1180.09
1.51	1184.76
1.51	1181.94
1.51	1186.82
1.52	1184.17
1.52	1188.64
1.52	1186.16
1.53	1187.90
1.53	1192.17
1.53	1189.86
1.53	1193.96
1.54	1191.65
1.54	1193.58
1.54	1197.64
1.55	1195.50
1.55	1197.19
1.55	1198.86
1.56	1200.52
1.56	1202.17
1.57	1205.99
1.57	1204.03
1.57	1205.65
1.58	1207.27
1.58	1208.87
1.59	1210.47
1.59	1210.33
1.60	1209.18
1.61	1210.60
1.61	1212.22
1.62	1213.99
1.62	1215.53
1.63	1216.99
1.63	1215.83
1.64	1218.54
1.64	1214.89
1.64	1220.10
1.65	1213.97
1.66	1212.84
1.67	1211.73
1.67	1210.62
1.68	1211.97
1.68	1213.52
1.69	1215.20
1.69	1216.52
1.70	1218.04
1.70	1219.69
1.71	1221.13
1.71	1225.02
1.71	1222.76
1.71	1226.49
1.72	1224.39
1.72	1225.66
1.72	1229.36
1.73	1225.78
1.73	1224.92
1.74	1223.80
1.75	1222.69
1.75	1223.94
1.76	1225.38
1.76	1226.95
1.77	1228.18
1.77	1229.59
1.78	1231.14
1.78	1232.34
1.78	1236.39
1.79	1233.93
1.79	1237.96
1.79	1235.64
1.79	1236.96
1.80	1240.63
1.80	1238.47
1.80	1241.98
1.80	1239.96
1.81	1241.26
1.81	1244.61
1.81	1242.74
1.82	1245.94
1.82	1244.00
1.82	1245.13
1.83	1246.45
1.83	1247.90
1.84	1249.15
1.84	1250.26
1.85	1251.55
1.85	1252.97
1.85	1256.50
1.86	1254.24
1.86	1257.95
1.86	1255.69
1.87	1257.09
1.87	1258.15
1.87	1261.96
1.88	1259.58
1.88	1263.38
1.88	1261.14
1.89	1262.18
1.89	1265.96
1.89	1263.59
1.89	1267.35
1.90	1265.12
1.90	1266.15
1.90	1269.89
1.91	1267.66
1.91	1271.08
1.91	1268.86
1.92	1270.05
1.92	1273.75
1.92	1271.54
1.92	1274.92
1.92	1272.85
1.93	1273.84
1.93	1277.38
1.93	1275.31
1.94	1276.42
1.94	1279.63
1.94	1277.70
1.95	1280.77
1.95	1278.98
1.95	1280.07
1.96	1281.16
1.96	1284.06
1.96	1282.28
1.97	1283.40
1.97	1284.64
1.98	1285.57
1.98	1286.67
1.99	1287.90
1.99	1288.82
1.99	1292.36
2.00	1290.07
2.00	1293.60
2.00	1291.45
2.01	1292.35
2.01	1295.86
2.01	1293.72
2.01	1296.92
2.02	1294.91
2.02	1295.79
2.02	1299.14
2.03	1297.01
2.03	1300.35
2.03	1298.35
2.03	1299.22
2.04	1302.54
2.04	1300.54
2.04	1301.53
2.05	1302.51
2.05	1305.51
2.05	1303.66
2.06	1306.52
2.06	1304.67
2.06	1305.80
2.07	1308.65
2.07	1306.80
2.07	1307.92
2.08	1308.75
2.08	1309.86
2.09	1310.67
2.09	1313.90
2.09	1311.94
2.10	1312.75
2.10	1315.95
2.10	1313.87
2.11	1314.96
2.11	1317.99
2.11	1315.91
2.12	1316.99
2.12	1320.00
2.12	1318.06
2.13	1318.84
2.13	1322.00
2.13	1320.06
2.13	1322.93
2.14	1320.99
2.14	1322.04
2.14	1324.89
2.15	1322.97
2.15	1324.01
2.15	1324.89
2.16	1327.71
2.16	1325.92
2.16	1326.66
2.17	1329.63
2.17	1327.84
2.17	1328.58
2.18	1331.53
2.18	1329.75
2.18	1330.61
2.19	1331.33
2.19	1332.33
2.19	1335.10
2.20	1333.21
2.20	1334.20
2.20	1336.95
2.21	1335.06
2.21	1336.05
2.22	1336.75
2.22	1339.75
2.22	1337.88
2.23	1338.69
2.23	1341.41
2.23	1339.66
2.24	1340.35
2.24	1343.20
2.24	1341.46
2.25	1342.14
2.25	1344.98
2.25	1343.24
2.26	1343.91
2.26	1344.85
2.26	1345.64
2.27	1348.30
2.27	1346.57
2.27	1347.35
2.28	1349.88
2.28	1348.28
2.28	1349.05
2.29	1351.45
2.29	1349.97
2.29	1350.73
2.30	1351.49
2.30	1352.25
2.31	1353.00
2.31	1353.76
2.32	1354.50
2.32	1354.14
2.33	1354.77
2.33	1355.54
2.34	1356.42
2.34	1357.15
2.35	1357.83
2.35	1356.53
2.36	1358.16
2.36	1355.40
2.36	1358.91
2.37	1354.27
2.38	1353.00
2.39	1351.74
2.39	1350.50
2.40	1351.11
2.40	1351.87
2.41	1352.73
2.41	1353.33
2.42	1354.08
2.42	1354.93
2.43	1355.64
2.43	1358.22
2.43	1356.49
2.43	1358.94
2.44	1357.33
2.44	1357.92
2.44	1360.36
2.45	1357.62
2.45	1356.96
2.46	1355.72
2.47	1354.50
2.47	1355.09
2.48	1355.81
2.48	1356.64
2.49	1357.22
2.49	1357.93
2.50	1358.75
2.50	1359.32
2.50	1362.06
2.51	1360.27
2.51	1362.76
2.51	1361.08
2.51	1361.75
2.52	1364.12
2.52	1362.55
2.52	1364.81
2.52	1363.35
2.53	1362.94
2.53	1366.16
2.54	1361.87
2.54	1362.42
2.55	1363.11
2.55	1363.90
2.56	1364.44
2.56	1365.23
2.57	1365.77
2.57	1366.44
2.57	1369.10
2.58	1367.35
2.58	1369.76
2.58	1368.01
2.59	1368.78
2.59	1371.18
2.59	1369.55
2.60	1370.18
2.60	1372.47
2.60	1370.94
2.60	1373.12
2.61	1371.70
2.61	1372.17
2.61	1374.39
2.62	1372.82
2.62	1373.46
2.63	1374.21
2.63	1374.82
2.63	1375.33
2.64	1375.97
2.64	1376.70
2.65	1379.05
2.65	1377.33
2.65	1379.80
2.65	1378.09
2.66	1378.82
2.66	1379.42
2.67	1381.74
2.67	1380.04
2.67	1382.48
2.67	1380.88
2.68	1381.47
2.68	1383.68
2.68	1382.19
2.68	1384.29
2.69	1382.90
2.69	1383.38
2.70	1383.99
2.70	1386.30
2.70	1384.82
2.71	1385.40
2.71	1385.87
2.72	1386.57
2.72	1387.04
2.72	1389.43
2.73	1387.76
2.73	1390.14
2.73	1388.57
2.74	1389.03
2.74	1389.72
2.74	1391.96
2.75	1390.30
2.75	1390.98
2.75	1393.22
2.75	1391.56
2.76	1393.92
2.76	1392.36
2.76	1392.91
2.77	1395.03
2.77	1393.58
2.77	1394.03
2.78	1396.27
2.78	1394.82
2.78	1395.26
2.79	1397.49
2.79	1396.04
2.79	1396.58
2.80	1397.02
2.80	1397.68
2.80	1399.77
2.81	1398.23
2.81	1398.88
2.81	1400.96
2.82	1399.43
2.82	1400.08
2.83	1400.50
2.83	1402.79
2.83	1401.17
2.84	1401.81
2.84	1403.97
2.84	1402.35
2.85	1402.98
2.85	1405.13
2.85	1403.52
2.86	1404.15
2.86	1406.29
2.86	1404.78
2.86	1406.82
2.86	1405.41
2.87	1405.82
2.87	1407.97
2.87	1406.56
2.88	1406.97
2.88	1409.11
2.88	1407.70
2.89	1408.20
2.89	1408.60
2.90	1409.22
2.90	1411.23
2.90	1409.73
2.91	1410.34
2.91	1412.34
2.91	1410.85
2.92	1411.46
2.92	1411.85
2.92	1414.05
2.93	1412.56
2.93	1412.95
2.93	1415.15
2.94	1413.57
2.94	1414.16
2.94	1416.24
2.95	1414.66
2.95	1415.25
2.95	1417.32
2.96	1415.75
2.96	1416.34
2.96	1418.39
2.97	1416.92
2.97	1418.88
2.97	1417.50
2.97	1417.88
2.98	1419.94
2.98	1418.57
2.98	1418.94
2.99	1421.00
2.99	1419.63
2.99	1420.00
3.00	1420.57
3.00	1421.03
3.01	1422.96
3.01	1421.51
3.01	1422.08
3.01	1424.00
3.02	1422.55
3.02	1423.11
3.02	1425.03
3.03	1423.58
3.03	1424.14
3.04	1424.50
3.04	1426.60
3.04	1425.16
3.05	1425.52
3.05	1427.62
3.05	1426.18
3.06	1426.53
3.06	1428.62
3.06	1427.19
3.07	1427.53
3.07	1429.62
3.07	1428.19
3.08	1428.63
3.08	1430.50
3.08	1429.08
3.09	1429.62
3.09	1431.49
3.09	1430.07
3.09	1430.60
3.10	1432.47
3.10	1431.05
3.10	1431.58
3.11	1432.01
3.11	1433.87
3.11	1432.45
3.12	1432.98
3.12	1434.83
3.12	1433.42
3.13	1433.95
3.13	1435.79
3.13	1434.38
3.14	1434.90
3.14	1435.23
3.14	1437.26
3.15	1435.86
3.15	1436.27
3.15	1438.09
3.16	1436.70
3.16	1437.21
3.16	1439.03
3.17	1437.64
3.17	1438.15
3.17	1439.96
3.18	1438.57
3.18	1439.08
3.19	1439.48
3.19	1441.29
3.19	1439.90
3.20	1440.41
3.20	1442.20
3.20	1440.82
3.20	1441.32
3.21	1443.12
3.21	1441.82
3.21	1442.22
3.22	1442.61
3.22	1444.31
3.22	1443.11
3.23	1443.50
3.23	1445.10
3.23	1443.99
3.24	1444.38
3.24	1444.77
3.25	1445.16
3.25	1445.54
3.26	1445.93
3.26	1446.31
3.27	1446.34
3.27	1446.64
3.28	1447.03
3.28	1447.51
3.29	1447.89
3.29	1448.22
3.30	1447.09
3.30	1448.13
3.31	1446.06
3.31	1448.52
3.31	1445.04
3.32	1443.92
3.33	1442.81
3.34	1441.70
3.34	1441.99
3.35	1442.39
3.35	1442.86
3.36	1443.16
3.36	1443.55
3.37	1444.02
3.37	1444.39
3.37	1446.17
3.38	1444.86
3.38	1446.56
3.38	1445.33
3.39	1445.62
3.39	1447.31
3.39	1445.23
3.39	1444.72
3.40	1443.63
3.41	1442.54
3.42	1442.83
3.42	1443.21
3.43	1443.68
3.43	1443.96
3.43	1444.42
3.44	1444.71
3.44	1445.08
3.45	1447.01
3.45	1445.64
3.45	1447.38
3.45	1446.10
3.46	1446.46
3.46	1448.11
3.46	1446.91
3.47	1447.27
3.47	1448.84
3.47	1446.91
3.47	1449.20
3.48	1445.93
3.49	1446.21
3.49	1446.58
3.50	1447.03
3.50	1447.38
3.51	1447.66
3.51	1448.02
3.52	1448.47
3.52	1450.17
3.52	1448.83
3.52	1450.63
3.53	1449.29
3.53	1449.73
3.54	1450.08
3.54	1451.77
3.54	1450.52
3.54	1452.13
3.55	1450.96
3.55	1451.30
3.55	1452.83
3.55	1451.62
3.56	1453.18
3.56	1451.97
3.56	1452.33
3.57	1452.76
3.57	1453.10
3.58	1453.36
3.58	1453.79
3.59	1454.04
3.59	1455.80
3.59	1454.48
3.59	1456.24
3.60	1455.00
3.60	1455.26
3.61	1455.68
3.61	1457.34
3.61	1456.02
3.62	1456.45
3.62	1458.10
3.62	1456.87
3.62	1458.44
3.63	1457.29
3.63	1457.61
3.63	1459.10
3.64	1457.95
3.64	1458.29
3.64	1459.94
3.65	1458.80
3.65	1459.12
3.66	1459.37
3.66	1459.78
3.67	1460.02
3.67	1461.74
3.67	1460.52
3.67	1462.07
3.67	1460.85
3.68	1461.26
3.68	1461.50
3.69	1463.21
3.69	1462.00
3.69	1462.23
3.70	1463.94
3.70	1462.65
3.70	1463.05
3.70	1464.66
3.71	1463.46
3.71	1463.77
3.71	1465.29
3.72	1464.09
3.72	1464.49
3.72	1466.01
3.73	1464.81
3.73	1466.42
3.73	1465.30
3.74	1465.60
3.74	1465.83
3.75	1466.23
3.75	1467.74
3.75	1466.54
3.76	1466.94
3.76	1468.44
3.76	1467.25
3.77	1467.64
3.77	1467.87
3.77	1469.53
3.78	1468.34
3.78	1468.64
3.78	1470.14
3.78	1468.95
3.79	1469.26
3.79	1470.92
3.79	1469.74
3.80	1469.96
3.80	1471.61
3.80	1470.43
3.81	1470.72
3.81	1470.94
3.82	1472.58
3.82	1471.41
3.82	1472.88
3.82	1471.71
3.83	1472.09
3.83	1473.56
3.83	1472.46
3.84	1472.68
3.84	1473.05
3.84	1474.52
3.85	1473.35
3.85	1473.73
3.85	1475.19
3.86	1474.02
3.86	1474.40
3.87	1474.61
3.87	1476.23
3.87	1475.06
3.88	1475.35
3.88	1476.80
3.88	1475.64
3.89	1476.01
3.89	1477.46
3.89	1476.30
3.89	1476.66
3.90	1478.11
3.90	1476.96
3.90	1477.25
3.91	1477.61
3.91	1479.12
3.91	1477.97
3.92	1478.17
3.92	1479.77
3.92	1478.62
3.93	1478.82
3.93	1480.41
3.93	1479.26
3.93	1480.69
3.94	1479.55
3.94	1479.90
3.95	1480.17
3.95	1481.60
3.95	1480.46
3.96	1480.81
3.96	1482.23
3.96	1481.09
3.97	1481.44
3.97	1482.86
3.97	1481.72
3.98	1482.07
3.98	1482.34
3.98	1483.75
3.99	1482.62
3.99	1482.97
3.99	1484.38
4.00	1483.24
4.00	1483.59
4.00	1484.99
4.01	1483.86
4.01	1484.21
4.01	1484.40
4.02	1485.95
4.02	1484.75
4.02	1485.10
4.03	1486.56
4.03	1485.37
4.03	1485.71
4.04	1487.17
4.04	1485.98
4.04	1486.32
4.05	1487.78
4.05	1486.58
4.05	1488.12
4.05	1487.00
4.06	1487.26
4.06	1488.64
4.06	1487.53
4.07	1487.86
4.07	1489.24
4.07	1488.13
4.08	1488.46
4.08	1489.83
4.08	1488.79
4.09	1489.05
4.09	1489.30
4.09	1490.59
4.10	1489.63
4.10	1489.88
4.10	1491.10
4.11	1490.21
4.11	1490.46
4.11	1490.70
4.12	1490.95
4.12	1491.20
4.13	1491.44
4.13	1491.69
4.14	1491.76
4.15	1490.78
4.15	1489.80
4.16	1488.83
4.17	1487.86
4.18	1486.89
4.19	1485.93
4.19	1484.97
4.20	1484.02
4.21	1483.06
4.22	1482.12
4.23	1481.17
4.23	1480.23
4.24	1479.30
4.25	1478.37
4.26	1477.44
4.27	1476.51
4.27	1475.59
4.28	1474.67
4.29	1473.76
4.30	1472.85
4.31	1471.94
4.31	1471.03
4.32	1470.13
4.33	1469.24
4.34	1468.34
4.35	1467.45
4.35	1466.57
4.36	1465.68
4.37	1464.80
4.38	1463.92
4.39	1463.05
4.39	1462.18
4.40	1461.31
4.41	1460.45
4.42	1459.59
4.43	1458.73
4.43	1457.88
4.44	1457.03
4.45	1456.18
4.46	1455.33
4.47	1454.49
4.47	1453.65
4.48	1452.82
4.49	1451.99
4.50	1451.16
4.51	1450.33
4.51	1449.51
4.52	1448.69
4.53	1447.87
4.53	0.00
